0 0.40520833333333334 0.3037037037037037 0.027083333333333334 0.09259259259259259
0 0.4328125 0.30833333333333335 0.023958333333333335 0.09074074074074075
0 0.7682291666666666 0.30833333333333335 0.036458333333333336 0.10925925925925926
0 0.7994791666666666 0.30925925925925923 0.030208333333333334 0.1037037037037037
0 0.6973958333333333 0.3148148148148148 0.026041666666666668 0.1
0 0.7302083333333333 0.3148148148148148 0.022916666666666665 0.09259259259259259
0 0.6276041666666666 0.3175925925925926 0.06770833333333333 0.12407407407407407
0 0.6671875 0.3175925925925926 0.023958333333333335 0.09814814814814815
0 0.3640625 0.32407407407407407 0.04895833333333333 0.1259259259259259
0 0.515625 0.3490740740740741 0.041666666666666664 0.12407407407407407
0 0.28958333333333336 0.5638888888888889 0.11041666666666666 0.2833333333333333
0 0.44479166666666664 0.5861111111111111 0.11666666666666667 0.30185185185185187