0 0.48020833333333335 0.20185185185185187 0.05416666666666667 0.15555555555555556
0 0.290625 0.23055555555555557 0.04791666666666667 0.16111111111111112
0 0.5963541666666666 0.3416666666666667 0.06770833333333333 0.08333333333333333
0 0.7557291666666667 0.3611111111111111 0.109375 0.21481481481481482
0 0.3671875 0.3712962962962963 0.165625 0.12777777777777777
0 0.4630208333333333 0.4703703703703704 0.13229166666666667 0.2518518518518518
0 0.3458333333333333 0.5 0.10208333333333333 0.12962962962962962
0 0.6880208333333333 0.5648148148148148 0.14270833333333333 0.32222222222222224
0 0.778125 0.5916666666666667 0.16875 0.3907407407407407
0 0.49895833333333334 0.5990740740740741 0.16041666666666668 0.29814814814814816
0 0.31302083333333336 0.6601851851851852 0.121875 0.3388888888888889