0 0.8 0.29074074074074074 0.06458333333333334 0.15925925925925927
0 0.7255208333333333 0.3037037037037037 0.090625 0.2037037037037037
0 0.6161458333333333 0.3814814814814815 0.04479166666666667 0.16296296296296298
0 0.6723958333333333 0.4212962962962963 0.06979166666666667 0.18333333333333332
0 0.340625 0.4722222222222222 0.09375 0.25555555555555554
0 0.4119791666666667 0.4759259259259259 0.08229166666666667 0.24444444444444444
0 0.29010416666666666 0.4824074074074074 0.059375 0.19814814814814816
0 0.8182291666666667 0.5046296296296297 0.051041666666666666 0.2611111111111111
0 0.8703125 0.5092592592592593 0.08854166666666667 0.25925925925925924
0 0.5890625 0.5111111111111111 0.09479166666666666 0.3037037037037037
0 0.50625 0.5407407407407407 0.11666666666666667 0.3296296296296296
0 0.7520833333333333 0.5583333333333333 0.12291666666666666 0.4166666666666667
0 0.36354166666666665 0.15833333333333333 0.13125 0.30925925925925923