0 0.6609375 0.20546875 0.053125 0.121875
0 0.70234375 0.2265625 0.0859375 0.165625
0 0.7265625 0.25078125 0.04375 0.125
0 0.83984375 0.26484375 0.046875 0.159375
0 0.8109375 0.2859375 0.0625 0.0796875
0 0.7796875 0.334375 0.04375 0.109375
0 0.7328125 0.38125 0.0578125 0.121875
0 0.49453125 0.53125 0.121875 0.240625
0 0.5625 0.61953125 0.053125 0.128125
0 0.24296875 0.64921875 0.084375 0.15
0 0.953125 0.65859375 0.09375 0.1609375
0 0.15234375 0.71328125 0.125 0.1640625
0 0.4328125 0.81953125 0.078125 0.15625
0 0.31875 0.92734375 0.128125 0.1453125
0 0.67265625 0.15703125 0.046875 0.0640625