0 0.6609375 0.20555555555555555 0.053125 0.12222222222222222
0 0.7020833333333333 0.22685185185185186 0.08541666666666667 0.1648148148148148
0 0.7265625 0.25092592592592594 0.042708333333333334 0.12407407407407407
0 0.8401041666666667 0.26481481481481484 0.046875 0.15925925925925927
0 0.8109375 0.2861111111111111 0.06145833333333333 0.07962962962962963
0 0.7796875 0.33425925925925926 0.042708333333333334 0.10925925925925926
0 0.7328125 0.3814814814814815 0.057291666666666664 0.12222222222222222
0 0.4947916666666667 0.5314814814814814 0.12291666666666666 0.24074074074074073
0 0.5625 0.6194444444444445 0.052083333333333336 0.12777777777777777
0 0.24270833333333333 0.649074074074074 0.08333333333333333 0.15
0 0.953125 0.6583333333333333 0.09375 0.16111111111111112
0 0.15208333333333332 0.7129629629629629 0.125 0.16296296296296298
0 0.4328125 0.8194444444444444 0.078125 0.1574074074074074
0 0.31979166666666664 0.9277777777777778 0.12708333333333333 0.14444444444444443
0 0.6729166666666667 0.1574074074074074 0.04791666666666667 0.06296296296296296