0 0.8 0.290625 0.065625 0.159375
0 0.72578125 0.30390625 0.090625 0.2046875
0 0.61640625 0.38125 0.04375 0.1640625
0 0.67265625 0.42109375 0.0703125 0.184375
0 0.340625 0.471875 0.09375 0.25625
0 0.41171875 0.47578125 0.0828125 0.2453125
0 0.28984375 0.48203125 0.059375 0.1984375
0 0.81796875 0.5046875 0.0515625 0.2609375
0 0.8703125 0.509375 0.0890625 0.259375
0 0.5890625 0.5109375 0.09375 0.3046875
0 0.50625 0.540625 0.1171875 0.3296875
0 0.75234375 0.55859375 0.1234375 0.4171875
0 0.36328125 0.15859375 0.13125 0.309375