0 0.24435937500000002 0.4645092592592593 0.040796875000000024 0.117287037037037
0 0.07682291666666667 0.48148148148148145 0.07899479166666665 0.17900925925925926
0 0.2920989583333334 0.45678703703703705 0.042536458333333374 0.08950925925925922
0 0.365453125 0.5030833333333333 0.078125 0.243824074074074
0 0.3958333333333333 0.4290092592592592 0.02777604166666663 0.09259259259259255
0 0.486109375 0.4513888888888889 0.024307291666666706 0.07562037037037038
0 0.4991302083333334 0.4436759259259259 0.015625 0.0540092592592593
0 0.5282135416666667 0.4359537037037037 0.014755208333333355 0.06636111111111108
0 0.545140625 0.4452129629629629 0.03125 0.09413888888888886
0 0.5846354166666666 0.44136111111111115 0.013020833333333334 0.06481481481481481
0 0.611109375 0.44830555555555557 0.013890625000000038 0.05092592592592592
0 0.638890625 0.4367314814814815 0.024307291666666706 0.05863888888888893