0 0.4114583333333333 0.4050925925925926 0.04514062500000004 0.22993518518518516
0 0.4600677083333334 0.3881203703703704 0.041666666666666664 0.14351851851851852
0 0.5238697916666666 0.40200925925925934 0.05816145833333331 0.19907407407407413
0 0.6319427083333333 0.4305555555555556 0.06770833333333333 0.3148148148148148
0 0.9348958333333334 0.4521574074074074 0.13020833333333334 0.5401203703703704
0 0.3120677083333333 0.36497222222222225 0.033854166666666664 0.10648148148148148
0 0.3589427083333333 0.35571296296296295 0.03732812500000004 0.07562037037037034
0 0.23350520833333333 0.3595648148148148 0.026041666666666668 0.0709907407407407
0 0.16145833333333334 0.34953703703703703 0.024307291666666644 0.06018518518518518
0 0.18923437499999998 0.3541666666666667 0.03125 0.07562037037037034
0 0.08767187500000001 0.3734537037037037 0.0625 0.16049074074074077
0 0.12803645833333335 0.3726851851851852 0.05121354166666666 0.11265740740740737
0 0.009114583333333334 0.3603425925925926 0.018229166666666668 0.10030555555555559