0 0.3046875 0.09645370370370371 0.04514062500000004 0.0910462962962963
0 0.15407812499999998 0.14583333333333334 0.013020833333333334 0.035490740740740725
0 0.1796875 0.14660185185185187 0.01735937500000002 0.037037037037037035
0 0.06988020833333333 0.7322500000000001 0.033854166666666664 0.14351851851851852
0 0.17621354166666667 0.7214537037037037 0.026041666666666668 0.0787037037037037
0 0.10764062499999999 0.7353425925925926 0.027776041666666657 0.10339814814814821
0 0.13498437500000002 0.7484537037037038 0.04253645833333331 0.05555555555555555
0 0.2981770833333333 0.5277777777777778 0.051213541666666626 0.12345370370370363
0 0.7161458333333334 0.5501574074074074 0.0625 0.11882407407407401
0 0.8940989583333334 0.12423148148148147 0.022567708333333294 0.08178703703703702
0 0.9184010416666666 0.13580555555555554 0.02777604166666663 0.08641666666666666
0 0.412328125 0.12731481481481483 0.03125 0.10339814814814817
0 0.459203125 0.12268518518518519 0.046875 0.10339814814814817
0 0.11067708333333333 0.8996944444444444 0.032119791666666675 0.05247222222222229
0 0.3072916666666667 0.9143518518518519 0.01735937499999996 0.05092592592592592
0 0.3311614583333334 0.9135833333333333 0.02170312500000004 0.049379629629629565
0 0.43359375 0.9498425925925925 0.0460052083333333 0.1003055555555555
0 0.6184895833333334 0.7461388888888889 0.030380208333333294 0.10956481481481475
0 0.5364583333333334 0.7407407407407407 0.03125 0.09876851851851859
0 0.576390625 0.7199074074074074 0.026041666666666668 0.06326851851851845
0 0.6510416666666666 0.7361111111111112 0.022567708333333294 0.08025000000000007
0 0.752171875 0.95525 0.02170312500000004 0.046296296296296294
0 0.771265625 0.9151203703703703 0.02691145833333337 0.10185185185185185
0 0.8506927083333333 0.9375 0.02777604166666663 0.06636111111111118
0 0.8823802083333334 0.9382685185185184 0.014755208333333296 0.05555555555555555
0 0.896265625 0.9367314814814816 0.01128645833333337 0.058638888888888824
0 0.9105885416666666 0.9390462962962961 0.01735937499999996 0.06636111111111118
0 0.9340260416666666 0.941361111111111 0.020833333333333332 0.07099074074074081
0 0.9622395833333334 0.9375 0.02691145833333337 0.07562037037037043
0 0.5868072916666667 0.12191666666666666 0.052083333333333336 0.12345370370370369
0 0.4019114583333333 0.3294722222222222 0.0555572916666667 0.12191666666666663