0 0.2760416666666667 0.35262037037037036 0.15972395833333336 0.4614166666666667
0 0.49782812499999995 0.2824074074074074 0.09114583333333333 0.23765740740740748
0 0.5946197916666667 0.3325648148148148 0.10590104166666663 0.3163611111111111
0 0.806421875 0.32252777777777775 0.171875 0.3919722222222223
0 0.7547760416666667 0.22993518518518521 0.02517187499999996 0.06481481481481481
0 0.8971354166666666 0.26851851851851855 0.059895833333333336 0.117287037037037
0 0.8676197916666666 0.2237685185185185 0.030380208333333294 0.0617314814814815
0 0.6809895833333334 0.26002777777777775 0.05295312500000004 0.09722222222222222
0 0.6553802083333333 0.2253055555555556 0.010416666666666666 0.027777777777777776
0 0.693578125 0.2175925925925926 0.01909895833333337 0.02469444444444446
0 0.6323802083333334 0.23225 0.02691145833333337 0.09104629629629628
0 0.458765625 0.22685185185185186 0.01996354166666663 0.04937962962962967