0 0.08767187500000001 0.625 0.027776041666666657 0.07099074074074081
0 0.13628645833333333 0.6558611111111111 0.03125 0.09567592592592586
0 0.5829010416666667 0.4575648148148148 0.04079687499999996 0.14043518518518514
0 0.622828125 0.4398148148148148 0.0234375 0.07407407407407407
0 0.08376562500000001 0.27469444444444446 0.018229166666666668 0.06789814814814818
0 0.11979166666666667 0.26002777777777775 0.03125 0.0910462962962963
0 0.16319270833333333 0.25462962962962965 0.03125 0.1049351851851852
0 0.578125 0.24845370370370368 0.043401041666666626 0.10802777777777776
0 0.6124114583333333 0.24537037037037038 0.042536458333333374 0.1388888888888889
0 0.6471354166666666 0.26775 0.01996354166666663 0.09722222222222222
0 0.853734375 0.6720648148148148 0.0321197916666667 0.10956481481481475
0 0.9375 0.632712962962963 0.013890625000000038 0.015435185185185253
0 0.5611979166666666 0.8703703703703703 0.06510416666666667 0.14197222222222217