0 0.342015625 0.20756481481481479 0.09375 0.1712962962962963
0 0.4561614583333334 0.4899722222222222 0.0460052083333333 0.13425925925925927
0 0.6944427083333333 0.49537037037037035 0.09548437499999997 0.1635833333333334
0 0.8285572916666666 0.5169722222222223 0.028645833333333332 0.09567592592592586
0 0.7894947916666666 0.4899722222222222 0.030380208333333294 0.0848796296296297
0 0.9309895833333334 0.7893518518518519 0.0928802083333333 0.16821296296296304
0 0.08680729166666666 0.49923148148148144 0.03298437499999999 0.10648148148148148
0 0.11935937499999998 0.5092592592592593 0.0390625 0.1172870370370371
0 0.22092187500000002 0.22839814814814813 0.06163020833333335 0.13580555555555557
0 0.06814062500000001 0.1890462962962963 0.03732812500000001 0.1095648148148148
0 0.10199479166666667 0.19367592592592592 0.033854166666666664 0.10339814814814817
0 0.13498437500000002 0.19367592592592592 0.033854166666666664 0.10339814814814817
0 0.6957447916666666 0.7770092592592592 0.09808854166666663 0.17747222222222228