0 0.12369791666666667 0.5254629629629629 0.021703124999999993 0.06944444444444445
0 0.07508854166666666 0.28703703703703703 0.018229166666666668 0.06481481481481481
0 0.09852604166666666 0.2847222222222222 0.014755208333333325 0.06326851851851856
0 0.11935937499999999 0.28626851851851853 0.019963541666666657 0.06326851851851856
0 0.16753645833333333 0.31636111111111115 0.041666666666666664 0.12037037037037036
0 0.08203125 0.11419444444444445 0.016494791666666675 0.06173148148148147
0 0.10503645833333333 0.11265740740740741 0.019098958333333343 0.07099074074074073
0 0.13498437500000002 0.11419444444444445 0.037328125 0.1265462962962963
0 0.5933177083333334 0.9236111111111112 0.07552083333333333 0.12808333333333327
0 0.732203125 0.9189814814814815 0.035588541666666626 0.13425925925925927
0 0.717015625 0.730712962962963 0.052083333333333336 0.11882407407407401
0 0.6163177083333333 0.7330277777777777 0.03125 0.07407407407407407
0 0.5698802083333334 0.7191388888888889 0.0390625 0.0864166666666666
0 0.263890625 0.5169722222222223 0.06944270833333335 0.15123148148148147
0 0.3094635416666666 0.4969166666666666 0.05295312500000004 0.11419444444444443
0 0.7057291666666666 0.28935185185185186 0.03298437499999996 0.07562037037037034
0 0.7504322916666666 0.33564814814814814 0.049479166666666664 0.10648148148148148
0 0.744359375 0.2716018518518518 0.028645833333333332 0.037037037037037035
0 0.7894947916666666 0.29321296296296295 0.0477447916666667 0.08024999999999996
0 0.8472239583333334 0.2970648148148148 0.01735937499999996 0.07252777777777782
0 0.865015625 0.29321296296296295 0.014755208333333296 0.05555555555555555
0 0.8784739583333334 0.28858333333333336 0.01215104166666663 0.052472222222222184
0 0.9175364583333334 0.28780555555555554 0.015625 0.05710185185185181
0 0.939234375 0.29321296296296295 0.020833333333333332 0.052472222222222184
0 0.9305572916666667 0.2924351851851852 0.008682291666666704 0.06018518518518518
0 0.8993072916666667 0.024694444444444446 0.015625 0.04012037037037037
0 0.015192708333333334 0.16975 0.019963541666666664 0.027777777777777776