0 0.05511979166666666 0.49537037037037035 0.10677083333333333 0.3178981481481481
0 0.14149479166666667 0.4444444444444444 0.05381770833333334 0.12654629629629632
0 0.2686614583333334 0.4228425925925926 0.033854166666666664 0.06173148148148144
0 0.3363697916666667 0.43210185185185185 0.035588541666666626 0.09567592592592597
0 0.4440104166666667 0.43210185185185185 0.0234375 0.08333333333333333
0 0.4926197916666667 0.4359537037037037 0.028645833333333332 0.09413888888888886
0 0.5177968749999999 0.42669444444444443 0.0234375 0.0787037037037037
0 0.5386302083333334 0.4220648148148148 0.02170312500000004 0.06636111111111108
0 0.5555572916666667 0.4166666666666667 0.01735937499999996 0.04937962962962967
0 0.5776927083333334 0.4228425925925926 0.018229166666666668 0.06173148148148144
0 0.595484375 0.42824074074074076 0.020833333333333332 0.06944444444444445
0 0.6180572916666667 0.4205277777777778 0.01215104166666663 0.07562037037037034
0 0.638890625 0.4220648148148148 0.020833333333333332 0.06636111111111108