0 0.376734375 0.44984259259259257 0.036458333333333336 0.1311759259259259
0 0.424046875 0.4830277777777777 0.058161458333333374 0.12345370370370363
0 0.685328125 0.8503055555555556 0.13454687499999995 0.29937962962962955
0 0.8250885416666667 0.5131203703703703 0.06510416666666667 0.17747222222222228
0 0.69140625 0.3618796296296296 0.028645833333333332 0.06018518518518518
0 0.19618229166666667 0.6666666666666666 0.10243229166666665 0.21913888888888897
0 0.08246354166666667 0.4390462962962963 0.04860937499999999 0.10030555555555559
0 0.022395833333333334 0.4925925925925926 0.04479166666666667 0.11296296296296296
0 0.04296875 0.44984259259259257 0.044270833333333336 0.10030555555555559
0 0.011286458333333334 0.4097222222222222 0.019098958333333336 0.06944444444444445
0 0.049479166666666664 0.4058611111111111 0.029515625000000007 0.06173148148148144
0 0.2513020833333333 0.3287037037037037 0.02517187500000002 0.04937962962962967
0 0.3059895833333333 0.3472222222222222 0.0234375 0.05863888888888893