0 0.08767187500000001 0.5439814814814815 0.15277604166666667 0.5108055555555556
0 0.21397395833333333 0.4043240740740741 0.040796875000000024 0.12037037037037036
0 0.24869791666666666 0.4081759259259259 0.04253645833333334 0.14043518518518514
0 0.299046875 0.42747222222222225 0.08072916666666667 0.21604629629629635
0 0.4088541666666667 0.4089537037037037 0.041666666666666664 0.12037037037037036
0 0.493921875 0.39428703703703705 0.024307291666666706 0.07252777777777782
0 0.5247395833333334 0.3881203703703704 0.01996354166666663 0.07252777777777782
0 0.544703125 0.38657407407407407 0.02170312500000004 0.047842592592592555
0 0.5829010416666667 0.41280555555555554 0.035588541666666626 0.10030555555555559
0 0.6106770833333334 0.4027777777777778 0.02517187499999996 0.11419444444444449
0 0.7486979166666666 0.38657407407407407 0.014755208333333296 0.047842592592592555
0 0.7417552083333334 0.3827129629629629 0.01128645833333337 0.037037037037037035